프로그램	0	12	4	1	18	1	1	102	0	18	19	7	0	29	5	25	0	61	9	47	5	0	4	4	3	1	0	24	0	2	1	0	69	116	3	81	21	9	0	2	2	1	22	0
자소서	12	0	8	6	36	2	2	8	1	386	24	301	0	30	45	3	0	5	25	59	8	3	11	114	3	0	0	192	0	0	3	0	0	58	15	41	28	0	0	35	26	37	20	0
조언	4	8	0	0	3	2	464	8	1	18	22	0	462	21	21	1	0	13	22	6	9	2	4	4	1	0	4	24	0	1	2	0	0	49	1	6	484	6	65	2	1	5	10	0
해석	1	6	0	0	0	0	0	2	0	1	3	1	0	1	1	0	0	1	6	3	0	288	832	0	264	0	0	32	299	0	0	0	0	24	30	0	20	0	0	2	0	1	15	0
자기소개서	18	36	3	0	0	1	2	3	3	366	40	230	0	30	31	16	0	2	18	34	4	0	3	267	2	0	0	270	0	6	1	0	0	74	31	907	76	1	0	59	22	67	16	0
이야기	1	2	2	0	1	0	0	224	32	2	194	0	0	2	7	71	141	213	289	2	224	0	4	2	0	211	0	7	0	210	1	0	0	144	0	1	1	0	0	0	0	0	4	144
진출분야	1	2	464	0	2	0	0	123	0	2	4	0	462	8	0	63	0	4	298	10	7	121	122	1	107	10	0	6	0	2	96	0	0	151	1	2	820	0	67	0	0	0	2	0
자격증	102	8	8	2	3	224	123	0	0	2	193	3	0	33	2	57	0	348	167	48	252	2	4	2	24	214	0	19	0	204	66	0	2	80	0	6	139	1	0	0	3	2	7	0
학교생활	0	1	1	0	3	32	0	0	0	0	429	0	0	0	0	3	0	0	4	4	3	0	0	0	1	0	0	4	0	1	0	0	0	1	0	14	0	0	0	4	0	0	4	0
작성	18	386	18	1	366	2	2	2	0	0	70	74	0	34	33	19	216	11	35	99	5	2	10	94	12	0	231	343	0	5	5	216	0	323	113	380	68	0	0	50	41	12	27	0
목표	19	24	22	3	40	194	4	193	429	70	0	6	1	145	19	51	0	202	97	7	184	4	29	9	50	169	33	59	0	169	2	0	0	241	4	52	55	20	1	2	4	18	76	0
첨삭	7	301	0	1	230	0	0	3	0	74	6	0	0	3	7	3	0	0	10	6	3	0	2	80	0	0	0	185	0	1	0	0	0	13	32	238	32	1	0	4	28	41	7	0
준비방향	0	0	462	0	0	0	462	0	0	0	1	0	0	6	0	0	0	0	0	0	0	0	0	0	0	0	0	0	0	0	0	0	0	9	0	1	463	3	65	0	0	0	0	0
공기업	29	30	21	1	30	2	8	33	0	34	145	3	6	0	30	1	0	36	65	24	33	2	8	7	9	0	0	84	1	6	8	0	0	373	1	31	80	40	0	4	3	16	31	1
면접	5	45	21	1	31	7	0	2	0	33	19	7	0	30	0	0	0	6	70	15	4	5	18	19	0	0	2	170	0	7	3	0	0	68	2	139	28	7	0	50	69	112	76	0
대학생활	25	3	1	0	16	71	63	57	3	19	51	3	0	1	0	0	0	0	225	0	16	0	2	4	26	53	0	6	0	2	38	0	0	12	4	32	69	0	0	0	0	0	5	7
취업진로희망	0	0	0	0	0	141	0	0	0	216	0	0	0	0	0	0	0	0	0	0	0	0	0	0	0	0	216	0	0	0	0	216	0	357	0	0	0	0	0	0	0	0	0	141
취득	61	5	13	1	2	213	4	348	0	11	202	0	0	36	6	0	0	0	40	103	222	1	3	0	2	204	0	27	0	206	0	0	129	66	1	5	22	7	0	1	3	1	7	0
전공	9	25	22	6	18	289	298	167	4	35	97	10	0	65	70	225	0	40	0	47	29	134	155	10	445	21	0	84	1	12	337	0	94	385	9	37	455	3	2	5	12	9	37	1
설명	47	59	6	3	34	2	10	48	4	99	7	6	0	24	15	0	0	103	47	0	11	29	48	5	16	0	0	72	10	2	2	0	111	153	0	35	20	19	0	1	6	0	3	0
학점	5	8	9	0	4	224	7	252	3	5	184	3	0	33	4	16	0	222	29	11	0	0	1	2	3	204	0	23	0	206	7	0	0	42	0	5	20	0	0	3	1	4	14	0
인성검사	0	3	2	288	0	0	121	2	0	2	4	0	0	2	5	0	0	1	134	29	0	0	558	0	87	0	0	34	0	0	13	0	0	121	30	0	150	0	0	1	0	1	14	0
검사	4	11	4	832	3	4	122	4	0	10	29	2	0	8	18	2	0	3	155	48	1	558	0	0	341	0	0	51	335	0	15	0	0	220	33	4	164	0	0	3	0	6	43	2
수정	4	114	4	0	267	2	1	2	0	94	9	80	0	7	19	4	0	0	10	5	2	0	0	0	0	0	0	227	0	1	1	0	0	10	22	279	41	0	0	5	44	72	4	0
탐색	3	3	1	264	2	0	107	24	1	12	50	0	0	9	0	26	0	2	445	16	3	87	341	0	0	0	0	12	233	1	137	0	94	141	2	3	165	1	0	2	0	0	23	0
학년별로	1	0	0	0	0	211	10	214	0	0	169	0	0	0	0	53	0	204	21	0	204	0	0	0	0	0	0	0	0	204	0	0	0	2	0	0	10	0	0	0	0	0	0	0
개인별	0	0	4	0	0	0	0	0	0	231	33	0	0	0	2	0	216	0	0	0	0	0	0	0	0	0	0	2	0	0	0	216	0	221	0	0	0	5	0	0	2	0	6	0
지원	24	192	24	32	270	7	6	19	4	343	59	185	0	84	170	6	0	27	84	72	23	34	51	227	12	0	2	0	0	11	5	0	0	169	244	360	165	21	0	47	238	51	42	0
직업선호도	0	0	0	299	0	0	0	0	0	0	0	0	0	1	0	0	0	0	1	10	0	0	335	0	233	0	0	0	0	0	0	0	0	3	0	0	0	0	0	0	0	0	3	0
현장실습	2	0	1	0	6	210	2	204	1	5	169	1	0	6	7	2	0	206	12	2	206	0	0	1	1	204	0	11	0	0	1	0	0	11	0	6	3	0	0	2	2	1	0	0
전공관련	1	3	2	0	1	1	96	66	0	5	2	0	0	8	3	38	0	0	337	2	7	13	15	1	137	0	0	5	0	1	0	0	0	68	2	3	113	0	0	0	1	1	0	0
조사서	0	0	0	0	0	0	0	0	0	216	0	0	0	0	0	0	216	0	0	0	0	0	0	0	0	0	216	0	0	0	0	0	0	216	0	0	0	0	0	0	0	0	0	0
저학년	69	0	0	0	0	0	0	2	0	0	0	0	0	0	0	0	0	129	94	111	0	0	0	0	94	0	0	0	0	0	0	0	0	3	0	0	0	0	0	0	0	0	0	0
취업	116	58	49	24	74	144	151	80	1	323	241	13	9	373	68	12	357	66	385	153	42	121	220	10	141	2	221	169	3	11	68	216	3	0	25	114	572	354	91	4	2	19	119	141
입사지원서	3	15	1	30	31	0	1	0	0	113	4	32	0	1	2	4	0	1	9	0	0	30	33	22	2	0	0	244	0	0	2	0	0	25	0	31	19	0	0	23	0	6	8	0
소개	81	41	6	0	907	1	2	6	14	380	52	238	1	31	139	32	0	5	37	35	5	0	4	279	3	0	0	360	0	6	3	0	0	114	31	0	84	2	32	74	98	69	27	0
분야	21	28	484	20	76	1	820	139	0	68	55	32	463	80	28	69	0	22	455	20	20	150	164	41	165	10	0	165	0	3	113	0	0	572	19	84	0	9	182	5	7	6	30	0
취업동아리	9	0	6	0	1	0	0	1	0	0	20	1	3	40	7	0	0	7	3	19	0	0	0	0	1	0	5	21	0	0	0	0	0	354	0	2	9	0	0	0	0	7	20	0
선배들	0	0	65	0	0	0	67	0	0	0	1	0	65	0	0	0	0	0	2	0	0	0	0	0	0	0	0	0	0	0	0	0	0	91	0	32	182	0	0	0	0	0	1	0
코칭	2	35	2	2	59	0	0	0	4	50	2	4	0	4	50	0	0	1	5	1	3	1	3	5	2	0	0	47	0	2	0	0	0	4	23	74	5	0	0	0	9	2	5	0
지원동기	2	26	1	0	22	0	0	3	0	41	4	28	0	3	69	0	0	3	12	6	1	0	0	44	0	0	2	238	0	2	1	0	0	2	0	98	7	0	0	9	0	3	0	0
최종	1	37	5	1	67	0	0	2	0	12	18	41	0	16	112	0	0	1	9	0	4	1	6	72	0	0	0	51	0	1	1	0	0	19	6	69	6	7	0	2	3	0	2	0
진행	22	20	10	15	16	4	2	7	4	27	76	7	0	31	76	5	0	7	37	3	14	14	43	4	23	0	6	42	3	0	0	0	0	119	8	27	30	20	1	5	0	2	0	1
나눔	0	0	0	0	0	144	0	0	0	0	0	0	0	1	0	7	141	0	1	0	0	0	2	0	0	0	0	0	0	0	0	0	0	141	0	0	0	0	0	0	0	0	1	0
