프로그램	0	179	5	1	23	104	12	9	79	82	7	10	9	10	2	50	11	0	3	0	29	98	17	16	0	11	1	82	16	128	4	11	6	35	1	79	1	19	3	45	192	3	0	54	0	1	24	10	0	3	0	0	0	8	71
자격증	179	0	249	1	10	461	3	17	427	298	260	9	198	2	223	48	53	0	4	0	503	4	17	29	2	12	36	6	39	73	5	85	7	22	1	181	6	70	1	75	18	4	3	23	0	26	3	31	1	37	0	0	0	32	0
이야기	5	249	0	0	10	231	2	1	278	233	248	16	212	1	233	5	8	0	1	7	477	7	5	57	24	77	1	2	10	0	7	306	0	2	0	13	0	21	0	34	2	8	2	85	0	0	2	4	0	1	1	0	0	3	1
해석	1	1	0	0	6	0	1	103	17	0	0	2	1	1	0	6	8	0	0	36	26	0	2	3	0	0	0	0	2	0	620	1	127	2	169	1	3	26	0	55	1	40	2	2	0	0	3	6	0	0	170	0	62	1	0
자소서	23	10	10	6	0	7	4	9	48	0	2	246	10	222	3	53	13	0	9	0	18	21	16	17	0	4	0	0	119	4	10	11	5	14	3	21	34	41	1	90	12	1	7	25	0	1	1	29	2	0	0	0	0	3	0
취득	104	461	231	0	7	0	0	10	332	219	228	7	196	0	228	85	24	0	5	0	469	0	13	19	0	0	11	92	15	26	3	37	3	28	0	54	1	13	0	25	6	2	1	5	0	4	1	87	0	11	0	1	0	31	0
자기소개서	12	3	2	1	4	0	0	3	30	0	0	124	4	100	1	17	27	0	2	0	21	16	14	17	0	2	0	0	86	7	3	6	0	2	0	12	66	33	0	64	8	3	8	6	0	0	5	19	1	0	0	0	0	5	0
학과	9	17	1	103	9	10	3	0	198	14	13	8	12	6	4	11	255	0	164	2	10	3	4	39	2	11	156	0	18	10	108	77	112	13	0	11	1	26	0	36	13	2	1	62	68	2	18	3	14	202	104	0	0	36	0
준비	79	427	278	17	48	332	30	198	0	440	277	44	277	10	224	154	382	41	191	0	498	242	249	78	7	85	241	88	158	49	168	324	74	50	75	194	23	132	25	216	36	50	6	141	14	62	168	121	18	262	4	5	74	60	1
학년별	82	298	233	0	0	219	0	14	440	0	228	0	180	0	219	45	31	41	0	0	448	0	0	0	3	96	29	0	0	0	0	63	10	0	0	2	0	57	0	5	6	0	0	99	0	24	22	30	0	29	0	0	0	3	77
학점	7	260	248	0	2	228	0	13	277	228	0	0	193	0	230	3	16	0	6	0	498	2	7	31	3	10	7	2	11	3	2	44	3	9	0	6	0	39	1	25	7	1	0	27	0	10	1	0	0	8	0	0	0	17	0
작성	10	9	16	2	246	7	124	8	44	0	0	0	22	41	4	74	30	0	24	0	29	17	17	116	0	3	0	0	168	7	5	19	6	8	2	32	37	110	3	137	7	3	51	15	1	1	4	44	4	1	0	7	0	4	0
목표	9	198	212	1	10	196	4	12	277	180	193	22	0	2	177	1	35	0	18	0	377	2	59	14	116	19	4	0	29	5	26	75	27	8	1	17	5	16	9	45	5	10	2	115	1	5	11	3	5	8	2	87	1	13	0
첨삭	10	2	1	1	222	0	100	6	10	0	0	41	2	0	2	11	11	0	2	0	20	9	2	9	0	4	0	0	97	1	1	7	0	2	1	11	2	20	0	32	4	1	7	12	1	0	3	9	0	0	0	0	0	1	0
현장실습	2	223	233	0	3	228	1	4	224	219	230	4	177	2	0	0	3	0	3	0	439	0	0	4	1	0	0	0	3	1	0	15	0	5	0	1	1	15	0	4	1	0	0	2	0	0	0	0	0	1	0	0	0	6	0
설명	50	48	5	6	53	85	17	11	154	45	3	74	1	11	0	0	22	0	3	0	10	5	14	10	10	4	11	123	57	9	47	38	8	8	31	11	2	15	2	33	14	4	0	30	0	2	7	96	0	13	10	0	36	5	5
분야	11	53	8	8	13	24	27	255	382	31	16	30	35	11	3	22	0	0	164	0	35	9	20	91	1	19	307	1	146	16	103	261	78	14	70	29	5	66	3	93	4	8	4	40	202	40	17	6	14	518	5	0	62	54	1
성공적인	0	0	0	0	0	0	0	0	41	41	0	0	0	0	0	0	0	0	0	0	0	0	0	0	0	352	0	0	0	0	0	0	0	0	0	0	0	1	0	0	0	0	0	352	0	0	0	0	92	0	0	0	0	0	95
조언	3	4	1	0	9	5	2	164	191	0	6	24	18	2	3	3	164	0	0	0	7	17	20	15	0	0	143	0	19	4	2	16	5	1	0	9	0	12	6	29	5	3	1	0	14	1	7	3	15	148	0	1	0	4	1
신입생	0	0	7	36	0	0	0	2	0	0	0	0	0	0	0	0	0	0	0	0	0	0	0	0	0	0	0	0	0	2	60	0	91	1	0	0	0	1	0	0	2	7	0	0	0	0	0	0	0	0	0	0	0	0	0
관리	29	503	477	26	18	469	21	10	498	448	498	29	377	20	439	10	35	0	7	0	0	25	1	23	3	13	9	2	52	6	32	40	7	9	26	14	5	65	5	80	2	2	1	23	0	9	0	3	0	11	0	4	26	14	0
면접	98	4	7	0	21	0	16	3	242	0	2	17	2	9	0	5	9	0	17	0	25	0	6	6	0	0	0	0	66	36	1	10	2	5	1	11	44	29	2	48	19	19	3	6	0	0	12	7	0	0	0	6	0	14	0
공기업	17	17	5	2	16	13	14	4	249	0	7	17	59	2	0	14	20	0	20	0	1	6	0	72	0	1	2	0	59	24	5	28	10	15	1	49	8	12	16	53	12	2	1	12	0	3	17	4	1	3	1	0	0	8	0
희망	16	29	57	3	17	19	17	39	78	0	31	116	14	9	4	10	91	0	15	0	23	6	72	0	1	2	8	1	56	26	8	73	22	16	2	46	4	17	3	145	9	0	7	19	19	9	5	6	0	9	2	0	0	15	0
학교생활	0	2	24	0	0	0	0	2	7	3	3	0	116	0	1	10	1	0	0	0	3	0	0	1	0	2	0	0	12	0	0	2	0	0	0	1	1	2	0	4	0	0	0	8	2	0	1	0	0	0	0	0	0	0	0
대학생활	11	12	77	0	4	0	2	11	85	96	10	3	19	4	0	4	19	352	0	0	13	0	1	2	2	0	11	0	2	0	0	66	8	1	0	2	0	42	0	6	3	0	0	644	0	14	1	9	92	12	0	1	0	0	96
진출분야	1	36	1	0	0	11	0	156	241	29	7	0	4	0	0	11	307	0	143	0	9	0	2	8	0	11	0	0	4	2	53	125	45	1	47	2	0	32	0	31	0	2	0	11	14	31	8	4	14	283	1	0	47	5	0
저학년	82	6	2	0	0	92	0	0	88	0	2	0	0	0	0	123	1	0	0	0	2	0	0	1	0	0	0	0	0	1	0	79	80	3	0	2	0	1	0	1	57	0	0	0	0	0	0	110	0	0	0	0	0	0	0
지원	16	39	10	2	119	15	86	18	158	0	11	168	29	97	3	57	146	0	19	0	52	66	59	56	12	2	4	0	0	10	14	31	7	33	3	45	59	69	10	150	27	17	157	23	1	5	18	24	6	6	0	6	0	17	0
신청	128	73	0	0	4	26	7	10	49	0	3	7	5	1	1	9	16	0	4	2	6	36	24	26	0	0	2	1	10	0	4	15	4	4	1	69	1	2	4	22	42	3	2	8	0	1	17	2	0	7	0	0	0	0	0
검사	4	5	7	620	10	3	3	108	168	0	2	5	26	1	0	47	103	0	2	60	32	1	5	8	0	0	53	0	14	4	0	101	169	5	322	42	5	31	0	183	4	169	8	12	0	21	2	6	1	56	212	0	179	4	0
전공	11	85	306	1	11	37	6	77	324	63	44	19	75	7	15	38	261	0	16	0	40	10	28	73	2	66	125	79	31	15	101	0	253	21	63	22	4	125	2	92	9	6	0	97	0	218	4	11	1	168	2	0	73	28	0
탐색	6	7	0	127	5	3	0	112	74	10	3	6	27	0	0	8	78	0	5	91	7	2	10	22	0	8	45	80	7	4	169	253	0	7	22	8	0	10	2	76	1	4	0	11	0	78	2	2	1	68	103	0	31	7	0
권유	35	22	2	2	14	28	2	13	50	0	9	8	8	2	5	8	14	0	1	1	9	5	15	16	0	1	1	3	33	4	5	21	7	0	1	14	1	30	0	24	17	3	0	11	0	2	1	2	0	2	0	0	0	37	0
인성검사	1	1	0	169	3	0	0	0	75	0	0	2	1	1	0	31	70	0	0	0	26	1	1	2	0	0	47	0	3	1	322	63	22	1	0	2	0	26	0	19	1	5	3	0	0	7	2	6	0	47	0	0	125	1	0
과정	79	181	13	1	21	54	12	11	194	2	6	32	17	11	1	11	29	0	9	0	14	11	49	46	1	2	2	2	45	69	42	22	8	14	2	0	8	7	5	71	29	39	4	27	1	4	13	3	1	5	0	0	0	13	0
코칭	1	6	0	3	34	1	66	1	23	0	0	37	5	2	1	2	5	0	0	0	5	44	8	4	1	0	0	0	59	1	5	4	0	1	0	8	0	8	0	23	3	1	17	1	0	2	2	4	3	0	0	2	1	0	0
경험	19	70	21	26	41	13	33	26	132	57	39	110	16	20	15	15	66	1	12	1	65	29	12	17	2	42	32	1	69	2	31	125	10	30	26	7	8	0	0	131	14	5	3	59	0	40	11	28	3	37	1	0	26	21	0
취업동아리	3	1	0	0	1	0	0	0	25	0	1	3	9	0	0	2	3	0	6	0	5	2	16	3	0	0	0	0	10	4	0	2	2	0	0	5	0	0	0	6	25	7	0	4	0	2	3	0	0	0	0	1	0	0	0
직무	45	75	34	55	90	25	64	36	216	5	25	137	45	32	4	33	93	0	29	0	80	48	53	145	4	6	31	1	150	22	183	92	76	24	19	71	23	131	6	0	23	101	23	38	19	11	10	58	3	70	5	7	17	15	1
참여	192	18	2	1	12	6	8	13	36	6	7	7	5	4	1	14	4	0	5	2	2	19	12	9	0	3	0	57	27	42	4	9	1	17	1	29	3	14	25	23	0	3	1	15	0	0	3	11	0	5	0	0	0	4	0
결과	3	4	8	40	1	2	3	2	50	0	1	3	10	1	0	4	8	0	3	7	2	19	2	0	0	0	2	0	17	3	169	6	4	3	5	39	1	5	7	101	3	0	5	4	0	1	3	2	0	3	7	2	0	0	0
입사지원서	0	3	2	2	7	1	8	1	6	0	0	51	2	7	0	0	4	0	1	0	1	3	1	7	0	0	0	0	157	2	8	0	0	0	3	4	17	3	0	23	1	5	0	1	0	0	2	3	1	0	0	6	0	1	0
학생	54	23	85	2	25	5	6	62	141	99	27	15	115	12	2	30	40	352	0	0	23	6	12	19	8	644	11	0	23	8	12	97	11	11	0	27	1	59	4	38	15	4	1	0	0	18	4	10	93	17	1	89	0	17	96
선배들	0	0	0	0	0	0	0	68	14	0	0	1	1	1	0	0	202	0	14	0	0	0	0	19	2	0	14	0	1	0	0	0	0	0	0	1	0	0	0	19	0	0	0	0	0	0	0	0	15	108	0	0	0	18	0
전공관련	1	26	0	0	1	4	0	2	62	24	10	1	5	0	0	2	40	0	1	0	9	0	3	9	0	14	31	0	5	1	21	218	78	2	7	4	2	40	2	11	0	1	0	18	0	0	0	0	0	32	0	0	18	1	0
준비사항	24	3	2	3	1	1	5	18	168	22	1	4	11	3	0	7	17	0	7	0	0	12	17	5	1	1	8	0	18	17	2	4	2	1	2	13	2	11	3	10	3	3	2	4	0	0	0	0	1	9	0	0	0	1	1
중심	10	31	4	6	29	87	19	3	121	30	0	44	3	9	0	96	6	0	3	0	3	7	4	6	0	9	4	110	24	2	6	11	2	2	6	3	4	28	0	58	11	2	3	10	0	0	0	0	0	6	0	0	6	1	0
제시	0	1	0	0	2	0	1	14	18	0	0	4	5	0	0	0	14	92	15	0	0	0	1	0	0	92	14	0	6	0	1	1	1	0	0	1	3	3	0	3	0	0	1	93	15	0	1	0	0	14	0	0	0	0	93
진출	3	37	1	0	0	11	0	202	262	29	8	1	8	0	1	13	518	0	148	0	11	0	3	9	0	12	283	0	6	7	56	168	68	2	47	5	0	37	0	70	5	3	0	17	108	32	9	6	14	0	1	0	47	25	0
직업선호도	0	0	1	170	0	0	0	104	4	0	0	0	2	0	0	10	5	0	0	0	0	0	1	2	0	0	1	0	0	0	212	2	103	0	0	0	0	1	0	5	0	7	0	1	0	0	0	0	0	1	0	0	0	0	0
발표	0	0	0	0	0	1	0	0	5	0	0	7	87	0	0	0	0	0	1	0	4	6	0	0	0	1	0	0	6	0	0	0	0	0	0	0	2	0	1	7	0	2	6	89	0	0	0	0	0	0	0	0	0	0	0
신뢰도	0	0	0	62	0	0	0	0	74	0	0	0	1	0	0	36	62	0	0	0	26	0	0	0	0	0	47	0	0	0	179	73	31	0	125	0	1	26	0	17	0	0	0	0	0	18	0	6	0	47	0	0	0	0	0
영어	8	32	3	1	3	31	5	36	60	3	17	4	13	1	6	5	54	0	4	0	14	14	8	15	0	0	5	0	17	0	4	28	7	37	1	13	0	21	0	15	4	0	1	17	18	1	1	1	0	25	0	0	0	0	0
로드맵	71	0	1	0	0	0	0	0	1	77	0	0	0	0	0	5	1	95	1	0	0	0	0	0	0	96	0	0	0	0	0	0	0	0	0	0	0	0	0	1	0	0	0	96	0	0	1	0	93	0	0	0	0	0	0
