진로	0	536	693	124	25	451	385	5	230	403	12	550	227	880	215	0	3	678	54	491	492	979	12	38	573	0	1	1381	80	298	348	397	298	361	15	580	13	5	98	509	2	2	31	2	58	347	54	12	54	189	73	30	0	322	0	208	21	4	7	0	0	1241	3	3	15	5	1	146	35	4	82	3	20	266	466	1	0	0	89	0	6	1	3	31	70
학과	536	0	0	24	750	17	333	17	665	72	12	4	0	21	28	604	8	61	15	754	0	202	13	3	81	0	0	343	0	0	334	257	0	21	33	0	6	3	30	9	1	1	0	51	18	19	0	9	0	115	27	26	0	0	2	2	6	0	131	129	113	23	9	2	1	5	1	6	19	5	40	1	2	1	700	0	2	0	25	1	1	4	3	2	0
신입생	693	0	0	0	0	322	83	0	0	0	0	0	2	0	0	0	0	0	0	3	0	0	0	0	0	385	0	349	0	0	0	15	0	0	0	173	0	0	0	10	0	0	0	0	0	0	0	0	0	0	0	2	0	161	0	0	0	0	0	0	0	334	0	0	0	0	0	0	0	0	0	0	0	0	0	0	0	0	0	0	0	0	0	0	0
프로그램	124	24	0	0	6	0	2	21	2	289	22	0	1	24	190	0	14	36	31	108	0	14	67	363	24	0	123	6	1	0	0	0	0	2	29	0	104	3	33	22	12	3	0	5	284	14	0	1	0	0	24	3	245	0	2	0	10	62	0	0	0	19	8	16	0	19	13	146	3	3	85	1	0	29	34	0	1	1	13	2	34	2	16	0	0
조언	25	750	0	6	0	0	0	17	606	0	0	1	0	35	8	605	1	0	39	700	0	36	30	1	29	0	0	4	2	9	0	0	0	3	39	0	16	0	18	1	11	2	0	1	12	7	1	9	0	140	15	14	1	0	2	0	5	0	78	78	136	6	5	2	0	11	12	8	9	4	83	11	4	4	621	10	1	5	0	0	3	5	4	0	0
집단상담	451	17	322	0	0	0	129	3	298	206	12	0	0	0	132	0	0	406	0	366	0	411	0	10	0	0	0	154	313	0	0	30	0	142	0	1	0	0	142	0	0	0	180	0	0	0	281	0	203	2	0	13	0	0	0	0	0	0	0	0	0	77	0	0	0	0	0	0	0	0	133	0	0	4	35	0	0	0	45	0	0	0	0	23	70
해석	385	333	83	2	0	129	0	12	0	0	0	0	0	3	3	0	2	0	3	25	0	7	1	0	10	0	0	367	338	0	443	271	0	0	34	0	1	5	5	30	0	32	0	2	1	0	86	0	1	1	0	0	0	0	0	0	1	1	0	0	0	0	3	0	109	0	1	1	5	0	143	0	5	0	0	0	0	0	0	0	1	1	0	0	0
자소서	5	17	0	21	17	3	12	0	2	0	33	0	6	28	16	0	350	7	37	107	0	33	53	1	37	0	0	7	6	0	0	0	0	3	216	0	7	59	23	0	1	17	0	6	15	12	1	1	0	14	2	9	0	0	26	0	12	3	0	0	0	2	46	57	0	13	9	8	15	3	125	16	13	2	18	43	4	2	2	3	0	6	1	0	0
진출분야	230	665	0	2	606	298	0	2	0	173	2	0	0	7	154	603	0	73	9	1007	0	416	0	0	13	0	0	147	168	0	1	0	0	126	7	1	13	0	138	7	0	1	168	1	1	5	168	0	168	115	0	13	0	0	0	0	6	0	80	78	113	46	1	0	1	2	1	0	10	2	22	0	1	0	633	0	0	0	46	0	1	2	0	3	0
학년별	403	72	0	289	0	206	0	0	173	0	0	4	78	14	312	4	0	298	2	591	0	254	0	245	0	0	0	54	0	0	0	31	0	116	0	0	60	0	6	26	0	0	0	0	21	17	0	0	0	0	18	76	245	0	0	0	5	0	0	0	0	98	0	0	0	0	0	9	1	59	5	0	0	0	15	0	0	0	147	18	0	0	0	0	0
자기소개서	12	12	0	22	0	12	0	33	2	0	0	1	0	42	4	0	273	18	37	93	0	23	34	0	27	0	0	2	0	0	0	0	0	1	291	0	2	86	33	1	1	30	0	1	15	26	0	0	0	1	12	3	0	0	26	0	6	1	0	0	0	6	66	57	0	16	4	11	21	6	107	29	8	2	3	17	2	1	1	2	4	4	1	0	0
학교생활	550	4	0	0	1	0	0	0	0	4	1	0	43	544	2	0	0	5	0	10	0	6	0	11	1	0	0	1	0	0	0	0	0	0	15	0	0	2	0	1	0	0	0	0	0	4	0	1	0	0	3	6	0	0	2	59	0	0	2	0	0	1	1	0	0	0	0	3	0	2	1	0	1	1	1	0	0	0	1	0	0	0	13	0	0
이야기	227	0	2	1	0	0	0	6	0	78	0	43	0	34	61	0	1	102	2	92	194	152	3	0	195	0	1	0	0	0	0	0	0	1	6	0	60	0	1	3	0	0	0	0	2	0	0	53	0	0	0	61	0	0	0	87	1	0	0	0	0	0	0	0	0	2	0	0	0	63	7	0	0	1	6	0	0	0	59	1	0	0	0	0	0
목표	880	21	0	24	35	0	3	28	7	14	42	544	34	0	26	1	6	68	165	254	0	132	17	1	39	0	0	68	4	45	0	22	0	6	58	61	35	4	59	62	29	6	0	3	17	129	3	6	0	64	39	27	2	0	7	91	26	5	1	0	0	64	8	7	0	26	17	15	18	2	349	31	5	2	29	9	0	2	14	5	2	22	3	7	0
자격증	215	28	0	190	8	132	3	16	154	312	4	2	61	26	0	0	4	67	30	457	0	211	3	17	53	0	6	27	3	0	0	0	0	85	22	0	282	4	25	3	2	3	0	3	9	11	0	7	0	1	6	97	0	0	1	0	26	40	0	0	0	37	5	5	0	2	33	97	3	62	47	1	4	20	28	0	0	0	107	27	2	15	1	5	0
준비방향	0	604	0	0	605	0	0	0	603	4	0	0	0	1	0	0	0	0	11	636	0	0	0	0	0	0	0	0	0	0	0	0	0	0	0	0	0	0	5	0	6	0	0	0	0	1	0	1	0	113	6	1	0	0	0	0	0	0	78	78	113	0	0	0	0	0	0	6	0	0	12	7	0	0	626	0	0	0	0	0	0	1	0	0	0
첨삭	3	8	0	14	1	0	2	350	0	0	273	0	1	6	4	0	0	7	4	24	0	16	9	0	14	0	0	0	1	0	0	0	0	0	199	0	0	5	5	1	1	26	0	0	4	6	0	1	0	0	4	3	0	0	32	0	4	0	0	0	0	0	43	9	0	0	3	1	11	3	21	15	11	1	2	10	0	1	2	1	1	5	0	0	0
대학생활	678	61	0	36	0	406	0	7	73	298	18	5	102	68	67	0	7	0	2	231	0	290	0	1	2	0	0	34	0	0	0	31	0	51	8	0	0	0	3	248	0	4	0	0	4	164	0	0	0	1	127	24	1	0	1	31	5	0	0	0	0	80	3	0	0	0	0	194	0	2	6	1	0	0	5	0	0	0	87	0	0	0	0	1	64
공기업	54	15	0	31	39	0	3	37	9	2	37	0	2	165	30	11	4	2	0	539	0	86	32	3	150	0	0	17	3	0	2	0	0	9	84	0	37	5	127	6	55	2	0	14	31	22	0	8	0	0	69	33	0	0	3	0	37	7	0	0	0	2	19	8	2	142	30	18	21	3	1216	46	26	6	31	21	1	1	0	5	2	47	2	14	0
준비	491	754	3	108	700	366	25	107	1007	591	93	10	92	254	457	636	24	231	539	0	0	722	575	17	144	0	177	185	219	0	2	0	0	155	266	1	286	26	783	26	77	11	182	17	64	73	210	141	206	117	113	138	1	0	54	1	138	138	78	78	113	67	72	25	2	95	50	239	54	79	874	86	77	15	766	24	132	14	125	39	21	96	8	31	0
취업진로희망	492	0	0	0	0	0	0	0	0	0	0	0	194	0	0	0	0	0	0	0	0	0	0	0	492	0	0	0	0	298	0	0	298	0	0	0	0	0	0	0	0	0	0	0	0	0	0	0	0	0	0	0	0	0	0	0	0	0	0	0	0	0	0	0	0	0	0	0	0	0	0	0	0	0	0	0	0	0	0	0	0	0	0	0	0
전공	979	202	0	14	36	411	7	33	416	254	23	6	152	132	211	0	16	290	86	722	0	0	80	4	198	0	0	409	197	0	2	68	1	448	89	1	45	7	231	31	4	9	182	4	16	35	207	17	205	6	14	48	0	0	12	33	36	10	2	0	0	125	27	15	2	28	5	27	45	11	176	7	21	64	221	3	7	2	58	5	17	10	3	92	0
면접	12	13	0	67	30	0	1	53	0	0	34	0	3	17	3	0	9	0	32	575	0	80	0	8	17	0	0	1	3	2	0	0	0	3	167	0	6	71	23	0	9	3	0	3	27	3	1	3	1	0	11	6	0	0	70	0	29	14	0	0	0	1	71	11	0	9	13	25	6	4	97	72	27	7	17	14	157	162	0	0	3	2	2	5	0
대학일자리본부	38	3	0	363	1	10	0	1	0	245	0	11	0	1	17	0	0	1	3	17	0	4	8	0	3	0	0	0	0	0	0	0	0	0	0	0	3	0	4	24	1	0	0	3	15	4	0	0	0	0	1	0	245	0	0	0	4	22	0	0	0	6	0	1	0	0	0	33	0	0	3	0	0	0	0	0	0	0	0	0	2	0	0	0	0
희망	573	81	0	24	29	0	10	37	13	0	27	1	195	39	53	0	14	2	150	144	492	198	17	3	0	0	0	51	6	298	3	0	298	31	92	0	50	10	36	6	10	8	0	238	14	13	0	9	0	0	25	86	0	0	1	0	21	5	51	51	0	3	26	13	3	37	11	27	40	11	319	19	38	1	12	18	0	0	0	11	7	21	4	36	0
집중상담	0	0	385	0	0	0	0	0	0	0	0	0	0	0	0	0	0	0	0	0	0	0	0	0	0	0	0	0	0	0	0	0	0	0	0	0	0	0	0	0	0	0	0	0	0	0	0	0	0	0	0	0	0	0	0	0	0	0	0	0	0	0	0	0	0	0	0	0	0	0	0	0	0	0	0	0	0	0	0	0	0	0	0	0	0
저학년	1	0	0	123	0	0	0	0	0	0	0	0	1	0	6	0	0	0	0	177	0	0	0	0	0	0	0	0	0	0	0	0	0	0	0	0	209	0	7	0	0	0	0	0	100	0	0	0	0	0	0	2	0	0	0	0	0	0	0	0	0	0	0	0	0	0	0	6	0	0	0	0	0	0	0	0	0	0	0	0	0	0	0	0	0
탐색	1381	343	349	6	4	154	367	7	147	54	2	1	0	68	27	0	0	34	17	185	0	409	1	0	51	0	0	0	109	0	333	333	1	180	8	173	3	2	124	4	3	2	103	4	6	30	103	2	103	1	4	2	0	161	0	0	8	0	0	0	0	365	1	4	0	2	0	3	4	1	60	0	2	0	25	0	0	0	25	1	1	2	2	5	0
인성검사	80	0	0	1	2	313	338	6	168	0	0	0	0	4	3	0	1	0	3	219	0	197	3	0	6	0	0	109	0	0	0	0	0	20	34	0	1	1	135	31	0	33	168	1	2	0	349	0	194	2	0	0	0	0	0	0	1	1	0	0	0	0	0	0	0	0	0	1	3	0	141	0	4	0	20	1	0	0	0	0	1	2	0	23	0
개인별	298	0	0	0	9	0	0	0	0	0	0	0	0	45	0	0	0	0	0	0	298	0	2	0	298	0	0	0	0	0	0	0	298	0	2	0	0	0	0	0	9	0	0	0	0	11	0	0	0	0	9	0	0	0	2	0	0	0	0	0	0	0	0	0	0	0	0	0	0	0	11	0	0	0	9	0	0	2	0	0	0	0	0	0	0
직업선호도	348	334	0	0	0	0	443	0	1	0	0	0	0	0	0	0	0	0	2	2	0	2	0	0	3	0	0	333	0	0	0	256	0	0	0	0	0	0	1	1	0	0	0	0	0	0	0	0	0	1	0	0	0	0	0	0	0	0	0	0	0	2	0	0	128	0	0	0	2	0	2	0	0	8	9	0	0	0	0	0	0	0	0	0	0
진로탐색	397	257	15	0	0	30	271	0	0	31	0	0	0	22	0	0	0	31	0	0	0	68	0	0	0	0	0	333	0	0	256	0	0	34	0	0	0	0	0	1	0	0	0	0	1	23	0	0	0	0	0	0	0	0	0	0	0	0	0	0	0	31	0	0	0	0	0	0	0	0	0	0	0	0	1	0	0	0	0	0	0	0	0	0	0
조사서	298	0	0	0	0	0	0	0	0	0	0	0	0	0	0	0	0	0	0	0	298	1	0	0	298	0	0	1	0	298	0	0	0	0	0	0	0	0	0	0	0	0	0	0	0	0	0	0	0	0	0	0	0	0	0	0	0	0	0	0	0	0	0	0	0	0	0	0	0	0	0	0	0	0	0	0	0	0	0	0	0	0	0	0	0
전공관련	361	21	0	2	3	142	0	3	126	116	1	0	1	6	85	0	0	51	9	155	0	448	3	0	31	0	0	180	20	0	0	34	0	0	8	1	1	1	43	6	2	2	33	0	0	2	33	1	33	2	4	15	0	0	1	0	0	3	0	0	0	73	0	1	0	6	0	5	0	1	21	0	3	1	39	0	0	0	46	1	1	0	2	0	0
지원	15	33	0	29	39	0	34	216	7	0	291	15	6	58	22	0	199	8	84	266	0	89	167	0	92	0	0	8	34	2	0	0	0	8	0	0	29	66	55	1	28	278	0	4	34	30	2	20	0	0	51	27	0	0	219	0	25	5	0	0	0	0	94	25	0	25	32	15	26	9	351	42	11	2	16	33	14	7	1	1	5	20	16	2	0
연계상담	580	0	173	0	0	1	0	0	1	0	0	0	0	61	0	0	0	0	0	1	0	1	0	0	0	0	0	173	0	0	0	0	0	1	0	0	0	0	0	59	0	0	0	0	0	61	0	0	0	61	0	0	0	0	0	59	0	0	0	0	0	288	0	0	0	0	0	0	0	0	0	0	0	0	0	0	0	0	0	0	0	0	0	0	0
취득	13	6	0	104	16	0	1	7	13	60	2	0	60	35	282	0	0	0	37	286	0	45	6	3	50	0	209	3	1	0	0	0	0	1	29	0	0	2	12	2	7	2	0	2	7	19	0	7	0	1	8	79	1	0	1	0	44	8	0	0	0	0	4	2	0	4	5	34	4	65	55	9	8	2	4	3	0	1	61	24	1	25	4	1	0
코칭	5	3	0	3	0	0	5	59	0	0	86	2	0	4	4	0	5	0	5	26	0	7	71	0	10	0	0	2	1	0	0	0	0	1	66	0	2	0	1	0	0	32	0	2	5	1	2	1	0	0	4	3	0	0	10	0	0	4	0	0	0	0	14	14	0	1	2	6	4	2	17	6	6	1	7	4	1	1	0	0	0	2	0	0	0
취업준비	98	30	0	33	18	142	5	23	138	6	33	0	1	59	25	5	5	3	127	783	0	231	23	4	36	0	7	124	135	0	1	0	0	43	55	0	12	1	0	3	38	5	119	1	21	19	146	13	143	1	52	13	0	0	1	0	31	10	0	0	0	0	11	6	1	44	15	36	12	5	227	9	6	1	60	6	1	0	2	2	4	13	2	28	0
진로상담	509	9	10	22	1	0	30	0	7	26	1	1	3	62	3	0	1	248	6	26	0	31	0	24	6	0	0	4	31	0	1	1	0	6	1	59	2	0	3	0	1	0	0	1	1	135	0	1	0	59	51	4	0	0	0	59	1	0	0	0	0	66	1	0	1	0	0	97	4	2	10	0	1	0	0	0	0	0	9	0	0	1	0	1	0
취업동아리	2	1	0	12	11	0	0	1	0	0	1	0	0	29	2	6	1	0	55	77	0	4	9	1	10	0	0	3	0	9	0	0	0	2	28	0	7	0	38	1	0	0	0	0	16	16	0	15	0	0	363	1	0	0	0	0	0	0	0	0	0	0	3	2	0	11	7	7	1	0	73	8	1	1	28	1	0	1	0	0	0	2	0	0	0
입사지원서	2	1	0	3	2	0	32	17	1	0	30	0	0	6	3	0	26	4	2	11	0	9	3	0	8	0	0	2	33	0	0	0	0	2	278	0	2	32	5	0	0	0	0	1	4	0	0	2	0	0	0	0	0	0	0	0	4	2	0	0	0	0	13	2	0	1	2	3	2	0	16	5	1	0	5	3	0	0	0	0	0	1	0	1	0
정서안정	31	0	0	0	0	180	0	0	168	0	0	0	0	0	0	0	0	0	0	182	0	182	0	0	0	0	0	103	168	0	0	0	0	33	0	0	0	0	119	0	0	0	0	0	0	0	183	0	215	0	0	0	0	0	0	0	0	0	0	0	0	0	0	0	0	0	0	0	0	0	0	0	0	0	33	0	0	0	0	0	0	0	0	0	0
희망직무	2	51	0	5	1	0	2	6	1	0	1	0	0	3	3	0	0	0	14	17	0	4	3	3	238	0	0	4	1	0	0	0	0	0	4	0	2	2	1	1	0	1	0	0	0	0	0	2	0	0	3	5	0	0	0	0	5	0	51	51	0	0	0	3	0	0	1	3	2	0	23	5	10	0	0	4	0	0	0	2	3	5	0	0	0
참여	58	18	0	284	12	0	1	15	1	21	15	0	2	17	9	0	4	4	31	64	0	16	27	15	14	0	100	6	2	0	0	1	0	0	34	0	7	5	21	1	16	4	0	0	0	2	0	5	0	0	23	4	0	0	1	0	2	1	0	0	0	22	11	7	0	10	5	40	6	0	83	1	0	19	20	1	0	2	1	0	13	5	6	0	0
계획	347	19	0	14	7	0	0	12	5	17	26	4	0	129	11	1	6	164	22	73	0	35	3	4	13	0	0	30	0	11	0	23	0	2	30	61	19	1	19	135	16	0	0	0	2	0	0	17	0	65	115	5	2	0	5	60	18	4	0	0	0	67	9	2	0	3	9	158	15	1	35	5	4	1	21	0	0	0	10	6	3	3	0	1	0
신뢰도	54	0	0	0	1	281	86	1	168	0	0	0	0	3	0	0	0	0	0	210	0	207	1	0	0	0	0	103	349	0	0	0	0	33	2	0	0	2	146	0	0	0	183	0	0	0	0	0	207	2	0	0	0	0	0	0	0	0	0	0	0	0	0	0	0	0	0	0	0	0	135	0	0	0	34	1	0	0	0	0	0	1	0	23	0
2학기	12	9	0	1	9	0	0	1	0	0	0	1	53	6	7	1	1	0	8	141	0	17	3	0	9	0	0	2	0	0	0	0	0	1	20	0	7	1	13	1	15	2	0	2	5	17	0	0	0	5	28	19	0	0	0	0	55	96	0	0	0	1	2	0	0	1	1	102	2	7	13	1	3	0	2	1	0	0	2	53	3	5	0	0	0
자기통제	54	0	0	0	0	203	1	0	168	0	0	0	0	0	0	0	0	0	0	206	0	205	1	0	0	0	0	103	194	0	0	0	0	33	0	0	0	0	143	0	0	0	215	0	0	0	207	0	0	0	0	0	0	0	0	0	0	0	0	0	0	0	0	0	0	0	0	0	0	0	0	0	0	0	33	0	0	0	0	0	0	0	0	23	0
교과목	189	115	0	0	140	2	1	14	115	0	1	0	0	64	1	113	0	1	0	117	0	6	0	0	0	0	0	1	2	0	1	0	0	2	0	61	1	0	1	59	0	0	0	0	0	65	2	5	0	0	0	1	0	0	0	59	0	0	0	0	136	65	1	0	1	0	0	0	0	1	2	0	1	1	115	0	0	0	1	0	0	1	0	0	0
동아리	73	27	0	24	15	0	0	2	0	18	12	3	0	39	6	6	4	127	69	113	0	14	11	1	25	0	0	4	0	9	0	0	0	4	51	0	8	4	52	51	363	0	0	3	23	115	0	28	0	0	0	3	0	0	3	0	4	0	0	0	0	0	6	3	0	22	8	108	4	2	104	10	2	1	42	1	1	1	17	2	0	7	0	0	0
학점	30	26	2	3	14	13	0	9	13	76	3	6	61	27	97	1	3	24	33	138	0	48	6	0	86	0	2	2	0	0	0	0	0	15	27	0	79	3	13	4	1	0	0	5	4	5	0	19	0	1	3	0	0	0	1	0	26	0	0	0	0	3	4	5	0	4	2	10	9	68	65	9	1	1	8	3	0	0	78	7	2	12	5	0	0
커리어로드맵	0	0	0	245	1	0	0	0	0	245	0	0	0	2	0	0	0	1	0	1	0	0	0	245	0	0	0	0	0	0	0	0	0	0	0	0	1	0	0	0	0	0	0	0	0	2	0	0	0	0	0	0	0	0	0	0	0	0	0	0	0	0	0	0	0	0	0	0	0	0	0	0	0	0	0	0	0	0	2	0	0	1	0	0	0
연계소그룹상담	322	0	161	0	0	0	0	0	0	0	0	0	0	0	0	0	0	0	0	0	0	0	0	0	0	0	0	161	0	0	0	0	0	0	0	0	0	0	0	0	0	0	0	0	0	0	0	0	0	0	0	0	0	0	0	0	0	0	0	0	0	161	0	0	0	0	0	0	0	0	0	0	0	0	0	0	0	0	0	0	0	0	0	0	0
지원동기	0	2	0	2	2	0	0	26	0	0	26	2	0	7	1	0	32	1	3	54	0	12	70	0	1	0	0	0	0	2	0	0	0	1	219	0	1	10	1	0	0	0	0	0	1	5	0	0	0	0	3	1	0	0	0	0	1	0	0	0	0	0	7	3	0	0	0	0	0	1	21	2	3	0	0	0	3	6	0	0	0	0	0	1	0
학교적응	208	2	0	0	0	0	0	0	0	0	0	59	87	91	0	0	0	31	0	1	0	33	0	0	0	0	0	0	0	0	0	0	0	0	0	59	0	0	0	59	0	0	0	0	0	60	0	0	0	59	0	0	0	0	0	0	0	0	0	0	0	59	0	0	0	0	0	0	0	0	0	0	0	0	0	0	0	0	0	0	0	0	0	0	0
영어	21	6	0	10	5	0	1	12	6	5	6	0	1	26	26	0	4	5	37	138	0	36	29	4	21	0	0	8	1	0	0	0	0	0	25	0	44	0	31	1	0	4	0	5	2	18	0	55	0	0	4	26	0	0	1	0	0	6	0	0	0	1	10	8	0	6	2	21	14	4	63	4	6	0	4	3	0	0	1	60	4	18	0	1	0
겨울방학	4	0	0	62	0	0	1	3	0	0	1	0	0	5	40	0	0	0	7	138	0	10	14	22	5	0	0	0	1	0	0	0	0	3	5	0	8	4	10	0	0	2	0	0	1	4	0	96	0	0	0	0	0	0	0	0	6	0	0	0	0	0	5	0	0	1	1	192	1	2	9	0	1	0	2	0	0	0	1	1	0	0	0	5	0
선배들	7	131	0	0	78	0	0	0	80	0	0	2	0	1	0	78	0	0	0	78	0	2	0	0	51	0	0	0	0	0	0	0	0	0	0	0	0	0	0	0	0	0	0	51	0	0	0	0	0	0	0	0	0	0	0	0	0	0	0	144	0	0	0	0	0	0	0	0	0	0	1	0	0	0	78	0	0	0	0	0	0	0	0	0	0
성공사례	0	129	0	0	78	0	0	0	78	0	0	0	0	0	0	78	0	0	0	78	0	0	0	0	51	0	0	0	0	0	0	0	0	0	0	0	0	0	0	0	0	0	0	51	0	0	0	0	0	0	0	0	0	0	0	0	0	0	144	0	0	0	0	0	0	0	0	0	0	0	0	0	0	0	78	0	0	0	0	0	0	0	0	0	0
수강설계	0	113	0	0	136	0	0	0	113	0	0	0	0	0	0	113	0	0	0	113	0	0	0	0	0	0	0	0	0	0	0	0	0	0	0	0	0	0	0	0	0	0	0	0	0	0	0	0	0	136	0	0	0	0	0	0	0	0	0	0	0	0	0	0	0	0	0	0	0	0	0	0	0	0	113	0	0	0	0	0	0	0	0	0	0
진로설계	1241	23	334	19	6	77	0	2	46	98	6	1	0	64	37	0	0	80	2	67	0	125	1	6	3	0	0	365	0	0	2	31	0	73	0	288	0	0	0	66	0	0	0	0	22	67	0	1	0	65	0	3	0	161	0	59	1	0	0	0	0	0	0	1	2	0	0	1	1	0	2	0	0	1	4	0	0	0	5	0	0	0	2	0	0
인턴	3	9	0	8	5	0	3	46	1	0	66	1	0	8	5	0	43	3	19	72	0	27	71	0	26	0	0	1	0	0	0	0	0	0	94	0	4	14	11	1	3	13	0	0	11	9	0	2	0	1	6	4	0	0	7	0	10	5	0	0	0	0	0	3	0	2	7	10	9	5	47	30	0	0	0	2	10	3	2	8	3	5	0	0	0
이력서	3	2	0	16	2	0	0	57	0	0	57	0	0	7	5	0	9	0	8	25	0	15	11	1	13	0	0	4	0	0	0	0	0	1	25	0	2	14	6	0	2	2	0	3	7	2	0	0	0	0	3	5	0	0	3	0	8	0	0	0	0	1	3	0	0	5	0	3	1	1	25	1	0	0	2	1	0	1	0	0	4	0	0	1	0
직업선호도검사	15	1	0	0	0	0	109	0	1	0	0	0	0	0	0	0	0	0	2	2	0	2	0	0	3	0	0	0	0	0	128	0	0	0	0	0	0	0	1	1	0	0	0	0	0	0	0	0	0	1	0	0	0	0	0	0	0	0	0	0	0	2	0	0	0	0	0	0	2	0	2	0	0	8	9	0	0	0	0	0	0	0	0	0	0
대기업	5	5	0	19	11	0	0	13	2	0	16	0	2	26	2	0	0	0	142	95	0	28	9	0	37	0	0	2	0	0	0	0	0	6	25	0	4	1	44	0	11	1	0	0	10	3	0	1	0	0	22	4	0	0	0	0	6	1	0	0	0	0	2	5	0	0	1	3	5	2	421	1	0	0	1	1	1	0	0	1	0	1	0	6	0
하반기	1	1	0	13	12	0	1	9	1	0	4	0	0	17	33	0	3	0	30	50	0	5	13	0	11	0	0	0	0	0	0	0	0	0	32	0	5	2	15	0	7	2	0	1	5	9	0	1	0	0	8	2	0	0	0	0	2	1	0	0	0	0	7	0	0	1	0	5	1	0	45	5	0	0	0	2	1	0	0	0	0	3	0	0	0
방학	146	6	0	146	8	0	1	8	0	9	11	3	0	15	97	6	1	194	18	239	0	27	25	33	27	0	6	3	1	0	0	0	0	5	15	0	34	6	36	97	7	3	0	3	40	158	0	102	0	0	108	10	0	0	0	0	21	192	0	0	0	1	10	3	0	3	5	0	5	6	31	6	2	19	30	1	0	0	5	5	1	4	2	5	0
대학원	35	19	0	3	9	0	5	15	10	1	21	0	0	18	3	0	11	0	21	54	0	45	6	0	40	0	0	4	3	0	2	0	0	0	26	0	4	4	12	4	1	2	0	2	6	15	0	2	0	0	4	9	0	0	0	0	14	1	0	0	0	1	9	1	2	5	1	5	0	3	41	0	0	3	11	1	0	1	0	1	1	1	0	2	0
현장실습	4	5	0	3	4	0	0	3	2	59	6	2	63	2	62	0	3	2	3	79	0	11	4	0	11	0	0	1	0	0	0	0	0	1	9	0	65	2	5	2	0	0	0	0	0	1	0	7	0	1	2	68	0	0	1	0	4	2	0	0	0	0	5	1	0	2	0	6	3	0	16	3	1	0	0	0	0	0	59	8	0	9	1	0	0
기업	82	40	0	85	83	133	143	125	22	5	107	1	7	349	47	12	21	6	1216	874	0	176	97	3	319	0	0	60	141	11	2	0	0	21	351	0	55	17	227	10	73	16	0	23	83	35	135	13	0	2	104	65	0	0	21	0	63	9	1	0	0	2	47	25	2	421	45	31	41	16	0	56	28	6	42	31	4	2	3	11	5	57	8	23	0
한전	3	1	0	1	11	0	0	16	0	0	29	0	0	31	1	7	15	1	46	86	0	7	72	0	19	0	0	0	0	0	0	0	0	0	42	0	9	6	9	0	8	5	0	5	1	5	0	1	0	0	10	9	0	0	2	0	4	0	0	0	0	0	30	1	0	1	5	6	0	3	56	0	0	0	10	8	7	8	0	1	0	14	1	1	0
공무원	20	2	0	0	4	0	5	13	1	0	8	1	0	5	4	0	11	0	26	77	0	21	27	0	38	0	0	2	4	0	0	0	0	3	11	0	8	6	6	1	1	1	0	10	0	4	0	3	0	1	2	1	0	0	3	0	6	1	0	0	0	0	0	0	0	0	0	2	0	1	28	0	0	2	2	0	8	2	0	1	0	3	1	3	0
진로방향	266	1	0	29	4	4	0	2	0	0	2	1	1	2	20	0	1	0	6	15	0	64	7	0	1	0	0	0	0	0	8	0	0	1	2	0	2	1	1	0	1	0	0	0	19	1	0	0	0	1	1	1	0	0	0	0	0	0	0	0	0	1	0	0	8	0	0	19	3	0	6	0	2	0	261	1	0	0	0	0	0	0	0	1	0
방향	466	700	0	34	621	35	0	18	633	15	3	1	6	29	28	626	2	5	31	766	0	221	17	0	12	0	0	25	20	9	9	1	0	39	16	0	4	7	60	0	28	5	33	0	20	21	34	2	33	115	42	8	0	0	0	0	4	2	78	78	113	4	0	2	9	1	0	30	11	0	42	10	2	261	0	5	2	1	0	0	3	2	0	6	0
코레일	1	0	0	0	10	0	0	43	0	0	17	0	0	9	0	0	10	0	21	24	0	3	14	0	18	0	0	0	1	0	0	0	0	0	33	0	3	4	6	0	1	3	0	4	1	0	1	1	0	0	1	3	0	0	0	0	3	0	0	0	0	0	2	1	0	1	2	1	1	0	31	8	0	1	5	0	2	0	0	0	0	7	0	0	0
면접준비	0	2	0	1	1	0	0	4	0	0	2	0	0	0	0	0	0	0	1	132	0	7	157	0	0	0	0	0	0	0	0	0	0	0	14	0	0	1	1	0	0	0	0	0	0	0	0	0	0	0	1	0	0	0	3	0	0	0	0	0	0	0	10	0	0	1	1	0	0	0	4	7	8	0	2	2	0	4	0	0	0	0	0	0	0
모의면접	0	0	0	1	5	0	0	2	0	0	1	0	0	2	0	0	1	0	1	14	0	2	162	0	0	0	0	0	0	2	0	0	0	0	7	0	1	1	0	0	1	0	0	0	2	0	0	0	0	0	1	0	0	0	6	0	0	0	0	0	0	0	3	1	0	0	0	0	1	0	2	8	2	0	1	0	4	0	0	0	0	0	1	0	0
대외활동	89	25	0	13	0	45	0	2	46	147	1	1	59	14	107	0	2	87	0	125	0	58	0	0	0	0	0	25	0	0	0	0	0	46	1	0	61	0	2	9	0	0	0	0	1	10	0	2	0	1	17	78	2	0	0	0	1	1	0	0	0	5	2	0	0	0	0	5	0	59	3	0	0	0	0	0	0	0	0	0	0	1	0	0	0
산업기사	0	1	0	2	0	0	0	3	0	18	2	0	1	5	27	0	1	0	5	39	0	5	0	0	11	0	0	1	0	0	0	0	0	1	1	0	24	0	2	0	0	0	0	2	0	6	0	53	0	0	2	7	0	0	0	0	60	1	0	0	0	0	8	0	0	1	0	5	1	8	11	1	1	0	0	0	0	0	0	0	0	7	0	0	0
해외취업	6	1	0	34	3	0	1	0	1	0	4	0	0	2	2	0	1	0	2	21	0	17	3	2	7	0	0	1	1	0	0	0	0	1	5	0	1	0	4	0	0	0	0	3	13	3	0	3	0	0	0	2	0	0	0	0	4	0	0	0	0	0	3	4	0	0	0	1	1	0	5	0	0	0	3	0	0	0	0	0	0	0	64	0	0
한국사	1	4	0	2	5	0	1	6	2	0	4	0	0	22	15	1	5	0	47	96	0	10	2	0	21	0	0	2	2	0	0	0	0	0	20	0	25	2	13	1	2	1	0	5	5	3	1	5	0	1	7	12	1	0	0	0	18	0	0	0	0	0	5	0	0	1	3	4	1	9	57	14	3	0	2	7	0	0	1	7	0	0	1	0	0
설명회	3	3	0	16	4	0	0	1	0	0	1	13	0	3	1	0	0	0	2	8	0	3	2	0	4	0	0	2	0	0	0	0	0	2	16	0	4	0	2	0	0	0	0	0	6	0	0	0	0	0	0	5	0	0	0	0	0	0	0	0	0	2	0	0	0	0	0	2	0	1	8	1	1	0	0	0	0	1	0	0	64	1	0	0	0
전공분야	31	2	0	0	0	23	0	0	3	0	0	0	0	7	5	0	0	1	14	31	0	92	5	0	36	0	0	5	23	0	0	0	0	0	2	0	1	0	28	1	0	1	0	0	0	1	23	0	23	0	0	0	0	0	1	0	1	5	0	0	0	0	0	1	0	6	0	5	2	0	23	1	3	1	6	0	0	0	0	0	0	0	0	0	0
진로집단상담	70	0	0	0	0	70	0	0	0	0	0	0	0	0	0	0	0	64	0	0	0	0	0	0	0	0	0	0	0	0	0	0	0	0	0	0	0	0	0	0	0	0	0	0	0	0	0	0	0	0	0	0	0	0	0	0	0	0	0	0	0	0	0	0	0	0	0	0	0	0	0	0	0	0	0	0	0	0	0	0	0	0	0	0	0
